[gd_scene load_steps=12 format=3 uid="uid://b3sim1bnrk3pm"]

[ext_resource type="ArrayMesh" uid="uid://cv731ixma7nih" path="res://Assets/Bed_Single.obj" id="1_tmb4w"]
[ext_resource type="Script" path="res://src/Scripts/world.gd" id="1_x0d2u"]
[ext_resource type="ArrayMesh" uid="uid://c04ll8ujpt2s3" path="res://Assets/Bookshelf.obj" id="2_i1sd4"]
[ext_resource type="ArrayMesh" uid="uid://bgb2dc2nelold" path="res://Assets/Couch_Small2.obj" id="3_3hijf"]
[ext_resource type="ArrayMesh" uid="uid://cm2cp1mdqurep" path="res://Assets/NightStand_1.obj" id="5_l6bul"]
[ext_resource type="ArrayMesh" uid="uid://dbcu7bridr532" path="res://Assets/Table_RoundSmall.obj" id="6_jek3s"]
[ext_resource type="ArrayMesh" uid="uid://chn0uaxn7ksa2" path="res://Assets/Drawer_1.obj" id="7_ivhw2"]

[sub_resource type="BoxMesh" id="BoxMesh_klyy4"]
size = Vector3(10, 0.25, 10)

[sub_resource type="Animation" id="Animation_korwu"]
resource_name = "camera_from_table_to_drawer"
length = 1.2
tracks/0/type = "value"
tracks/0/imported = false
tracks/0/enabled = true
tracks/0/path = NodePath("Camera3D:position")
tracks/0/interp = 1
tracks/0/loop_wrap = true
tracks/0/keys = {
"times": PackedFloat32Array(0, 0.6, 1.2),
"transitions": PackedFloat32Array(1, 1, 1),
"update": 0,
"values": [Vector3(2.16154, 1.68345, 2.35252), Vector3(0.465684, 1.89153, 2.35279), Vector3(-0.891, 2.058, 2.353)]
}
tracks/1/type = "value"
tracks/1/imported = false
tracks/1/enabled = true
tracks/1/path = NodePath("Camera3D:rotation")
tracks/1/interp = 1
tracks/1/loop_wrap = true
tracks/1/keys = {
"times": PackedFloat32Array(0, 0.6, 1.2),
"transitions": PackedFloat32Array(1, 1, 1),
"update": 0,
"values": [Vector3(-0.351736, -2.21706, 0), Vector3(-0.248442, -2.73069, 0), Vector3(-0.165806, -3.14159, 0)]
}

[sub_resource type="Animation" id="Animation_oem7e"]
length = 0.001
tracks/0/type = "value"
tracks/0/imported = false
tracks/0/enabled = true
tracks/0/path = NodePath("Camera3D:position")
tracks/0/interp = 1
tracks/0/loop_wrap = true
tracks/0/keys = {
"times": PackedFloat32Array(0),
"transitions": PackedFloat32Array(1),
"update": 0,
"values": [Vector3(2.16154, 1.68345, 2.35252)]
}
tracks/1/type = "value"
tracks/1/imported = false
tracks/1/enabled = true
tracks/1/path = NodePath("Camera3D:rotation")
tracks/1/interp = 1
tracks/1/loop_wrap = true
tracks/1/keys = {
"times": PackedFloat32Array(0),
"transitions": PackedFloat32Array(1),
"update": 0,
"values": [Vector3(-0.351736, -2.21706, 0)]
}

[sub_resource type="AnimationLibrary" id="AnimationLibrary_88ers"]
_data = {
"RESET": SubResource("Animation_oem7e"),
"camera_from_table_to_drawer": SubResource("Animation_korwu")
}

[node name="World" type="Node3D"]
script = ExtResource("1_x0d2u")

[node name="Lights" type="Node3D" parent="."]

[node name="DirectionalLight3D2" type="DirectionalLight3D" parent="Lights"]
transform = Transform3D(-0.645818, 0.588467, -0.486442, 0, 0.637128, 0.770758, 0.763492, 0.497769, -0.411469, -6.08903, 1.93773, -4.60746)

[node name="DirectionalLight3D" type="DirectionalLight3D" parent="Lights"]
transform = Transform3D(1, 0, 0, 0, 0.637128, 0.770758, 0, -0.770758, 0.637128, 0, 2.78775, 4.2268)

[node name="Camera3D" type="Camera3D" parent="."]
transform = Transform3D(-0.602205, 0.275051, -0.749464, 0, 0.938776, 0.344528, 0.798341, 0.207477, -0.565336, 2.16154, 1.68345, 2.35252)

[node name="Meshes" type="Node3D" parent="."]

[node name="Floor" type="MeshInstance3D" parent="Meshes"]
transform = Transform3D(1, 0, 0, 0, 1, 0, 0, 0, 1, 0, -0.125, 0)
mesh = SubResource("BoxMesh_klyy4")
skeleton = NodePath("../..")

[node name="Bed" type="MeshInstance3D" parent="Meshes"]
transform = Transform3D(1, 0, 0, 0, 1, 0, 0, 0, 1, 3.66312, 0, -2.94549)
mesh = ExtResource("1_tmb4w")
skeleton = NodePath("../..")

[node name="Bookshelf" type="MeshInstance3D" parent="Meshes"]
transform = Transform3D(-4.37114e-08, 0, 1, 0, 1, 0, -1, 0, -4.37114e-08, -4.55874, 0, 0.494705)
mesh = ExtResource("2_i1sd4")
skeleton = NodePath("../..")

[node name="Chair" type="MeshInstance3D" parent="Meshes"]
skeleton = NodePath("../..")

[node name="Couch" type="MeshInstance3D" parent="Meshes"]
transform = Transform3D(0.952863, 0, 0.303401, 0, 1, 0, -0.303401, 0, 0.952863, -1.5878, 0, -4.38598)
mesh = ExtResource("3_3hijf")
skeleton = NodePath("../..")

[node name="NightStand" type="MeshInstance3D" parent="Meshes"]
transform = Transform3D(0.56724, 0, 0.823552, 0, 1, 0, -0.823552, 0, 0.56724, -3.5126, 0, -2.18196)
mesh = ExtResource("5_l6bul")
skeleton = NodePath("../..")

[node name="Table" type="MeshInstance3D" parent="Meshes"]
transform = Transform3D(1, 0, 0, 0, 1, 0, 0, 0, 1, 3.2922, 0, 3.19607)
mesh = ExtResource("6_jek3s")
skeleton = NodePath("../..")

[node name="Drawer" type="MeshInstance3D" parent="Meshes"]
transform = Transform3D(-1, 0, -8.74228e-08, 0, 1, 0, 8.74228e-08, 0, -1, -0.896328, 0, 3.86797)
mesh = ExtResource("7_ivhw2")
skeleton = NodePath("../..")

[node name="AnimationPlayer" type="AnimationPlayer" parent="."]
libraries = {
"": SubResource("AnimationLibrary_88ers")
}
