[gd_scene load_steps=5 format=3 uid="uid://b3sim1bnrk3pm"]

[ext_resource type="ArrayMesh" uid="uid://cv731ixma7nih" path="res://Assets/Bed_Single.obj" id="1_tmb4w"]
[ext_resource type="ArrayMesh" uid="uid://c04ll8ujpt2s3" path="res://Assets/Bookshelf.obj" id="2_i1sd4"]
[ext_resource type="ArrayMesh" uid="uid://bgb2dc2nelold" path="res://Assets/Couch_Small2.obj" id="3_3hijf"]

[sub_resource type="BoxMesh" id="BoxMesh_klyy4"]
size = Vector3(10, 0.25, 10)

[node name="World" type="Node3D"]

[node name="Camera3D" type="Camera3D" parent="."]
transform = Transform3D(-0.985503, 0, 0.169659, 0.0752295, 0.896316, 0.436987, -0.152068, 0.443415, -0.883322, 0, 1.3822, 0)

[node name="Floor" type="MeshInstance3D" parent="."]
transform = Transform3D(1, 0, 0, 0, 1, 0, 0, 0, 1, 0, -0.125, 0)
mesh = SubResource("BoxMesh_klyy4")

[node name="Bed" type="MeshInstance3D" parent="."]
transform = Transform3D(1, 0, 0, 0, 1, 0, 0, 0, 1, 3.66312, 0, -2.94549)
mesh = ExtResource("1_tmb4w")

[node name="Bookshelf" type="MeshInstance3D" parent="."]
transform = Transform3D(-4.37114e-08, 0, 1, 0, 1, 0, -1, 0, -4.37114e-08, -4.55874, 0, 0.494705)
mesh = ExtResource("2_i1sd4")

[node name="Chair" type="MeshInstance3D" parent="."]

[node name="Couch" type="MeshInstance3D" parent="."]
transform = Transform3D(1, 0, 0, 0, 1, 0, 0, 0, 1, -1.63461, 0, 1.6267)
mesh = ExtResource("3_3hijf")

[node name="DirectionalLight3D" type="DirectionalLight3D" parent="."]
transform = Transform3D(1, 0, 0, 0, 0.637128, 0.770758, 0, -0.770758, 0.637128, 0, 2.78775, 4.2268)

[node name="DirectionalLight3D2" type="DirectionalLight3D" parent="."]
transform = Transform3D(-0.645818, 0.588467, -0.486442, 0, 0.637128, 0.770758, 0.763492, 0.497769, -0.411469, -6.08903, 1.93773, -4.60746)
